2020 27
4369 27
5385 27
5632 27
1648 29
2290 29
2420 29
2807 29
5187 29
1184 37
5978 37
1321 91
2023 91
2161 91
3442 91
3682 91
4080 91
377 122
3804 122
350 123
5754 123
4065 140
2685 162
3150 162
4564 162
5341 162
596 188
1190 188
4282 188
5200 188
5431 188
1201 197
4456 197
5070 197
5996 197
6053 197
2399 203
5686 203
4234 213
905 226
1681 226
1787 226
4387 226
240 233
528 233
1968 233
2782 233
2972 233
3454 233
4378 233
4754 233
528 240
1968 240
2782 240
2972 240
3454 240
4378 240
4754 240
381 250
351 251
1848 251
2297 251
4476 251
4991 251
5463 251
1006 282
1155 282
1208 282
2252 282
2352 282
3224 282
3534 282
3878 282
4445 282
5579 282
5842 282
5848 282
849 286
1339 286
2410 286
2651 286
3210 286
3350 286
3407 286
4104 286
4933 286
6090 286
373 295
833 295
1520 295
4067 295
4209 295
4766 295
5234 295
5639 295
5754 350
1848 351
2297 351
4476 351
4991 351
5463 351
1374 359
5841 359
2912 371
3477 371
4358 371
5518 371
6029 371
833 373
1520 373
4067 373
4209 373
4766 373
5234 373
5639 373
2538 376
3430 376
4928 376
5008 376
5951 376
3804 377
725 380
1133 380
1370 380
1389 380
1696 380
1701 380
1806 380
2071 380
2383 380
2507 380
2551 380
2694 380
2799 380
3054 380
3099 380
4580 380
4987 380
5681 380
1136 390
5763 390
2301 458
3496 458
4897 458
1974 526
2009 526
4769 526
5255 526
5621 526
5866 526
6000 526
1968 528
2782 528
2972 528
3454 528
4378 528
4754 528
808 538
1430 538
2998 538
3012 538
873 549
994 549
1143 549
2428 549
1945 577
1190 596
4282 596
5200 596
5431 596
1694 625
2893 625
3359 625
3422 625
5135 641
5465 641
5581 641
6010 641
1678 690
1906 690
2093 690
3933 690
4866 690
5019 690
5888 690
1829 691
3355 691
5706 691
5275 694
2240 703
5727 703
1133 725
1370 725
1389 725
1696 725
1701 725
1806 725
2071 725
2383 725
2507 725
2551 725
2694 725
2799 725
3054 725
3099 725
4580 725
4987 725
5681 725
2411 788
1093 795
1165 795
1212 795
1623 795
1695 795
1903 795
2006 795
2337 795
2988 795
3063 795
3276 795
4002 795
4258 795
4756 795
4888 795
4967 795
5014 795
5294 795
6097 795
1430 808
2998 808
3012 808
1520 833
4067 833
4209 833
4766 833
5234 833
5639 833
2113 846
2692 846
3032 846
4246 846
4993 846
1339 849
2410 849
2651 849
3210 849
3350 849
3407 849
4104 849
4933 849
6090 849
1767 851
994 873
1143 873
2428 873
1681 905
1787 905
4387 905
3492 954
1015 966
1780 966
3194 966
2610 969
6111 969
5093 988
1143 994
2428 994
5112 1000
1155 1006
1208 1006
2252 1006
2352 1006
3224 1006
3534 1006
3878 1006
4445 1006
5579 1006
5842 1006
5848 1006
1780 1015
3194 1015
3006 1067
3258 1067
5616 1076
5863 1076
1165 1093
1212 1093
1623 1093
1695 1093
1903 1093
2006 1093
2337 1093
2988 1093
3063 1093
3276 1093
4002 1093
4258 1093
4756 1093
4888 1093
4967 1093
5014 1093
5294 1093
6097 1093
5035 1116
1621 1119
3344 1119
5134 1119
1882 1121
3480 1121
1370 1133
1389 1133
1696 1133
1701 1133
1806 1133
2071 1133
2383 1133
2507 1133
2551 1133
2694 1133
2799 1133
3054 1133
3099 1133
4580 1133
4987 1133
5681 1133
5763 1136
2428 1143
1208 1155
2252 1155
2352 1155
3224 1155
3534 1155
3878 1155
4445 1155
5579 1155
5842 1155
5848 1155
1212 1165
1623 1165
1695 1165
1903 1165
2006 1165
2337 1165
2988 1165
3063 1165
3276 1165
4002 1165
4258 1165
4756 1165
4888 1165
4967 1165
5014 1165
5294 1165
6097 1165
2963 1181
5978 1184
5200 1190
5431 1190
4456 1201
5070 1201
5996 1201
6053 1201
2252 1208
2352 1208
3224 1208
3534 1208
3878 1208
4445 1208
5579 1208
5842 1208
5848 1208
1623 1212
1695 1212
1903 1212
2006 1212
2337 1212
2988 1212
3063 1212
3276 1212
4002 1212
4258 1212
4756 1212
4888 1212
4967 1212
5014 1212
5294 1212
6097 1212
1314 1232
1991 1232
2059 1232
2345 1232
3462 1232
3656 1232
5262 1232
5933 1232
3928 1272
5166 1272
3712 1279
2548 1309
4799 1309
5072 1309
5124 1309
1991 1314
2059 1314
2345 1314
3462 1314
3656 1314
5262 1314
5933 1314
2023 1321
2161 1321
3442 1321
3682 1321
4080 1321
2410 1339
2651 1339
3210 1339
3350 1339
3407 1339
4104 1339
4933 1339
6090 1339
1725 1355
2226 1355
2777 1355
3212 1355
4592 1355
5403 1355
5588 1355
2482 1362
5674 1362
2014 1364
2197 1364
3145 1364
3959 1364
5636 1364
5694 1364
1389 1370
1696 1370
1701 1370
1806 1370
2071 1370
2383 1370
2507 1370
2551 1370
2694 1370
2799 1370
3054 1370
3099 1370
4580 1370
4987 1370
5681 1370
5841 1374
1696 1389
1701 1389
1806 1389
2071 1389
2383 1389
2507 1389
2551 1389
2694 1389
2799 1389
3054 1389
3099 1389
4580 1389
4987 1389
5681 1389
2744 1412
2998 1430
3012 1430
2321 1474
1888 1490
3267 1490
4841 1490
4067 1520
4209 1520
4766 1520
5234 1520
5639 1520
5224 1539
5316 1539
3344 1621
5134 1621
1695 1623
1903 1623
2006 1623
2337 1623
2988 1623
3063 1623
3276 1623
4002 1623
4258 1623
4756 1623
4888 1623
4967 1623
5014 1623
5294 1623
6097 1623
2195 1628
2290 1648
2420 1648
2807 1648
5187 1648
3928 1652
5166 1652
2996 1655
5081 1655
1906 1678
2093 1678
3933 1678
4866 1678
5019 1678
5888 1678
1787 1681
4387 1681
2893 1694
3359 1694
3422 1694
1903 1695
2006 1695
2337 1695
2988 1695
3063 1695
3276 1695
4002 1695
4258 1695
4756 1695
4888 1695
4967 1695
5014 1695
5294 1695
6097 1695
1701 1696
1806 1696
2071 1696
2383 1696
2507 1696
2551 1696
2694 1696
2799 1696
3054 1696
3099 1696
4580 1696
4987 1696
5681 1696
1806 1701
2071 1701
2383 1701
2507 1701
2551 1701
2694 1701
2799 1701
3054 1701
3099 1701
4580 1701
4987 1701
5681 1701
1856 1706
1924 1706
4713 1706
5772 1706
2226 1725
2777 1725
3212 1725
4592 1725
5403 1725
5588 1725
3194 1780
1972 1785
2041 1785
2398 1785
4443 1785
5149 1785
4387 1787
2071 1806
2383 1806
2507 1806
2551 1806
2694 1806
2799 1806
3054 1806
3099 1806
4580 1806
4987 1806
5681 1806
3274 1809
2035 1825
5637 1825
3355 1829
5706 1829
2297 1848
4476 1848
4991 1848
5463 1848
1924 1856
4713 1856
5772 1856
2220 1870
2246 1881
4681 1881
3480 1882
3267 1888
4841 1888
2006 1903
2337 1903
2988 1903
3063 1903
3276 1903
4002 1903
4258 1903
4756 1903
4888 1903
4967 1903
5014 1903
5294 1903
6097 1903
2093 1906
3933 1906
4866 1906
5019 1906
5888 1906
4713 1924
5772 1924
3232 1954
2782 1968
2972 1968
3454 1968
4378 1968
4754 1968
2041 1972
2398 1972
4443 1972
5149 1972
2009 1974
4769 1974
5255 1974
5621 1974
5866 1974
6000 1974
2059 1991
2345 1991
3462 1991
3656 1991
5262 1991
5933 1991
2337 2006
2988 2006
3063 2006
3276 2006
4002 2006
4258 2006
4756 2006
4888 2006
4967 2006
5014 2006
5294 2006
6097 2006
4769 2009
5255 2009
5621 2009
5866 2009
6000 2009
2197 2014
3145 2014
3959 2014
5636 2014
5694 2014
4259 2017
4416 2017
4369 2020
5385 2020
5632 2020
2161 2023
3442 2023
3682 2023
4080 2023
5637 2035
2398 2041
4443 2041
5149 2041
5399 2056
2345 2059
3462 2059
3656 2059
5262 2059
5933 2059
2586 2060
2930 2060
4093 2060
5997 2066
2383 2071
2507 2071
2551 2071
2694 2071
2799 2071
3054 2071
3099 2071
4580 2071
4987 2071
5681 2071
4531 2082
3933 2093
4866 2093
5019 2093
5888 2093
2692 2113
3032 2113
4246 2113
4993 2113
3014 2115
3728 2115
5688 2115
5718 2115
6060 2115
3442 2161
3682 2161
4080 2161
3145 2197
3959 2197
5636 2197
5694 2197
2777 2226
3212 2226
4592 2226
5403 2226
5588 2226
5727 2240
4681 2246
2352 2252
3224 2252
3534 2252
3878 2252
4445 2252
5579 2252
5842 2252
5848 2252
2420 2290
2807 2290
5187 2290
4476 2297
4991 2297
5463 2297
4897 2301
5792 2302
2988 2337
3063 2337
3276 2337
4002 2337
4258 2337
4756 2337
4888 2337
4967 2337
5014 2337
5294 2337
6097 2337
3461 2339
4020 2339
3462 2345
3656 2345
5262 2345
5933 2345
4576 2346
3318 2348
3611 2349
4505 2349
5670 2349
3224 2352
3534 2352
3878 2352
4445 2352
5579 2352
5842 2352
5848 2352
5597 2358
2436 2370
5238 2370
5216 2374
5456 2374
4064 2376
2507 2383
2551 2383
2694 2383
2799 2383
3054 2383
3099 2383
4580 2383
4987 2383
5681 2383
4443 2398
5149 2398
3208 2399
5686 2399
2651 2410
3210 2410
3350 2410
3407 2410
4104 2410
4933 2410
6090 2410
2807 2420
5187 2420
3222 2423
3252 2423
3571 2423
3674 2423
3713 2423
3829 2423
4986 2423
5238 2436
5674 2482
3135 2489
3776 2489
4692 2491
3352 2502
2551 2507
2694 2507
2799 2507
3054 2507
3099 2507
4580 2507
4987 2507
5681 2507
3430 2538
4928 2538
5008 2538
5951 2538
4799 2548
5072 2548
5124 2548
2694 2551
2799 2551
3054 2551
3099 2551
4580 2551
4987 2551
5681 2551
4093 2586
6111 2610
3210 2651
3350 2651
3407 2651
4104 2651
4933 2651
6090 2651
3150 2685
4564 2685
5341 2685
3032 2692
4246 2692
4993 2692
2799 2694
3054 2694
3099 2694
4580 2694
4987 2694
5681 2694
3816 2703
3360 2725
4785 2725
3212 2777
4592 2777
5403 2777
5588 2777
2972 2782
3454 2782
4378 2782
4754 2782
3054 2799
3099 2799
4580 2799
4987 2799
5681 2799
5187 2807
4864 2862
5161 2862
5171 2862
6114 2862
3359 2893
3422 2893
4703 2906
5713 2906
3477 2912
4358 2912
5518 2912
6029 2912
4093 2930
3454 2972
4378 2972
4754 2972
3063 2988
3276 2988
4002 2988
4258 2988
4756 2988
4888 2988
4967 2988
5014 2988
5294 2988
6097 2988
5081 2996
3012 2998
3258 3006
3728 3014
5688 3014
5718 3014
6060 3014
4246 3032
4993 3032
3099 3054
4580 3054
4987 3054
5681 3054
3276 3063
4002 3063
4258 3063
4756 3063
4888 3063
4967 3063
5014 3063
5294 3063
6097 3063
4580 3099
4987 3099
5681 3099
4851 3105
3776 3135
3959 3145
5636 3145
5694 3145
4564 3150
5341 3150
3685 3170
5686 3208
3350 3210
3407 3210
4104 3210
4933 3210
6090 3210
4592 3212
5403 3212
5588 3212
3320 3213
4068 3213
4778 3213
5898 3213
3252 3222
3571 3222
3674 3222
3713 3222
3829 3222
4986 3222
3534 3224
3878 3224
4445 3224
5579 3224
5842 3224
5848 3224
3770 3251
4099 3251
3571 3252
3674 3252
3713 3252
3829 3252
4986 3252
4841 3267
4002 3276
4258 3276
4756 3276
4888 3276
4967 3276
5014 3276
5294 3276
6097 3276
4068 3320
4778 3320
5898 3320
5134 3344
3407 3350
4104 3350
4933 3350
6090 3350
5706 3355
3422 3359
4785 3360
3904 3382
4104 3407
4933 3407
6090 3407
4928 3430
5008 3430
5951 3430
3682 3442
4080 3442
4378 3454
4754 3454
4020 3461
3656 3462
5262 3462
5933 3462
4358 3477
5518 3477
6029 3477
4897 3496
4191 3514
3878 3534
4445 3534
5579 3534
5842 3534
5848 3534
3674 3571
3829 3571
4986 3571
4505 3611
5670 3611
5262 3656
5933 3656
3713 3674
3829 3674
4986 3674
4080 3682
3829 3713
4986 3713
5688 3728
5718 3728
6060 3728
4860 3739
4874 3752
5380 3752
4099 3770
5286 3792
4986 3829
4906 3853
4445 3878
5579 3878
5842 3878
5848 3878
5166 3928
4866 3933
5019 3933
5888 3933
5636 3959
5694 3959
4258 4002
4756 4002
4888 4002
4967 4002
5014 4002
5294 4002
6097 4002
4209 4067
4766 4067
5234 4067
5639 4067
4778 4068
5898 4068
4933 4104
6090 4104
4766 4209
5234 4209
5639 4209
4993 4246
4756 4258
4888 4258
4967 4258
5014 4258
5294 4258
6097 4258
4416 4259
5200 4282
5431 4282
5191 4286
5641 4306
5518 4358
6029 4358
5385 4369
5632 4369
4754 4378
5944 4426
5149 4443
5579 4445
5842 4445
5848 4445
5070 4456
5996 4456
6053 4456
4991 4476
5463 4476
5670 4505
5341 4564
4869 4567
4790 4568
4987 4580
5681 4580
4966 4581
6132 4581
5403 4592
5588 4592
5807 4597
5938 4630
5713 4703
5772 4713
4888 4756
4967 4756
5014 4756
5294 4756
6097 4756
5234 4766
5639 4766
5255 4769
5621 4769
5866 4769
6000 4769
5898 4778
5035 4796
5072 4799
5124 4799
5353 4813
5161 4864
5171 4864
6114 4864
5019 4866
5888 4866
5380 4874
4967 4888
5014 4888
5294 4888
6097 4888
5008 4928
5951 4928
6090 4933
6132 4966
5014 4967
5294 4967
6097 4967
5681 4987
5463 4991
5951 5008
5294 5014
6097 5014
5888 5019
5158 5061
5321 5061
5996 5070
6053 5070
5124 5072
5465 5135
5581 5135
6010 5135
5321 5158
5171 5161
6114 5161
6114 5171
5431 5200
5456 5216
5316 5224
5639 5234
5621 5255
5866 5255
6000 5255
5933 5262
6097 5294
5632 5385
5588 5403
5581 5465
6010 5465
6029 5518
5842 5579
5848 5579
6010 5581
5863 5616
5866 5621
6000 5621
5694 5636
5718 5688
6060 5688
6060 5718
5848 5842
6000 5866
6053 5996
